32 3 10 46 34 29
7 20 58 57 12 16
35 51 54 41 13 48
52 37 55 11 44 27
1 56 17 38 21 4
23 14 45 25 50 33
55 3 49 57 30 53
46 43 27 37 40 44
51 14 11 13 24 21
0 17 1 28 26 52
5 45 8 19 4 18
32 59 31 42 6 58
36 22 15 13 25 48
30 51 0 17 56 55
39 38 7 47 43 8
16 6 31 19 32 18
50 37 21 42 5 28
9 20 35 49 4 41
45 10 38 36 2 19
13 23 5 39 15 20
31 6 17 7 21 43
37 30 44 22 52 47
51 16 1 42 58 53
33 0 9 3 12 32
17 5 45 23 37 13
18 9 51 16 22 4
0 32 1 50 55 39
28 56 30 34 59 38
57 31 3 43 21 49
10 42 2 6 29 44
36 20 6 46 28 51
49 50 1 37 24 42
31 0 10 54 12 33
43 11 7 30 21 57
16 48 47 44 27 15
5 2 53 39 40 23
6 46 13 20 38 10
45 1 31 36 8 28
5 49 50 17 44 48
52 0 7 19 12 40
55 2 30 43 39 37
15 57 27 47 42 3
30 14 10 52 32 47
45 5 44 37 12 48
0 51 6 19 7 23
31 21 55 46 20 9
43 3 1 54 2 39
34 36 11 49 33 24
0 49 40 15 23 26
36 18 20 59 17 41
30 6 11 5 38 27
54 2 31 56 29 16
33 32 42 46 37 10
48 8 1 12 3 9
39 43 28 6 25 13
11 20 42 12 2 16
32 10 36 5 15 53
48 30 50 17 0 7
31 1 37 58 51 52
45 21 38 49 26 29
